0.000000, 0.000000, 0.000000, 0.000000, 0.000000, 0.000000, 0.000000, 0.000000, 0.194, 0.156, 0.960,0.0,0.0,0.0,0.0,0.0, 15:40:43.897
0.015473, 0.021719, 0.037500, 0.029406, 0.026009, 0.017893, 0.024742, 0.030919, 0.000, 0.000, 0.000,0.0,0.0,0.0,0.0,0.0, 15:40:44.375
0.015477, 0.021722, 0.037500, 0.029331, 0.026020, 0.017883, 0.024733, 0.030925, 0.000, 0.000, 0.000,0.0,0.0,0.0,0.0,0.0, 15:40:44.376
0.015451, 0.021693, 0.037500, 0.029449, 0.026012, 0.017985, 0.024792, 0.030899, 0.000, 0.000, 0.000,0.0,0.0,0.0,0.0,0.0, 15:40:44.376
0.015443, 0.021685, 0.037500, 0.029541, 0.026000, 0.018012, 0.024810, 0.030889, 0.000, 0.000, 0.000,0.0,0.0,0.0,0.0,0.0, 15:40:44.377
0.015469, 0.021713, 0.037500, 0.029435, 0.026007, 0.017914, 0.024753, 0.030915, 0.000, 0.000, 0.000,0.0,0.0,0.0,0.0,0.0, 15:40:44.377
0.015479, 0.021725, 0.037500, 0.029327, 0.026020, 0.017874, 0.024728, 0.030928, 0.000, 0.000, 0.000,0.0,0.0,0.0,0.0,0.0, 15:40:44.378
0.015454, 0.021697, 0.037500, 0.029421, 0.026013, 0.017970, 0.024782, 0.030904, 0.146, 0.160, 0.964,0.0,0.0,0.0,0.0,0.0, 15:40:44.379
0.015438, 0.021680, 0.037500, 0.029540, 0.026000, 0.018021, 0.024814, 0.030887, 0.000, 0.000, 0.000,0.0,0.0,0.0,0.0,0.0, 15:40:44.379
0.015463, 0.021707, 0.037500, 0.029462, 0.026003, 0.017933, 0.024765, 0.030909, 0.000, 0.000, 0.000,0.0,0.0,0.0,0.0,0.0, 15:40:44.380
0.015482, 0.021726, 0.037500, 0.029328, 0.026017, 0.017867, 0.024723, 0.030929, 0.000, 0.000, 0.000,0.0,0.0,0.0,0.0,0.0, 15:40:44.380
0.015460, 0.021702, 0.037500, 0.029389, 0.026014, 0.017948, 0.024769, 0.030908, 0.000, 0.000, 0.000,0.0,0.0,0.0,0.0,0.0, 15:40:44.381
0.015439, 0.021680, 0.037500, 0.029526, 0.026001, 0.018022, 0.024815, 0.030887, 0.000, 0.000, 0.000,0.0,0.0,0.0,0.0,0.0, 15:40:44.381
0.015455, 0.021697, 0.037500, 0.029490, 0.026002, 0.017957, 0.024779, 0.030903, 0.000, 0.000, 0.000,0.0,0.0,0.0,0.0,0.0, 15:40:44.382
0.015480, 0.021722, 0.037500, 0.029343, 0.026016, 0.017869, 0.024725, 0.030928, 0.000, 0.000, 0.000,0.0,0.0,0.0,0.0,0.0, 15:40:44.382
0.015466, 0.021706, 0.037500, 0.029367, 0.026020, 0.017930, 0.024759, 0.030915, 0.000, 0.000, 0.000,0.0,0.0,0.0,0.0,0.0, 15:40:44.383
0.015442, 0.021680, 0.037500, 0.029511, 0.026007, 0.018020, 0.024815, 0.030890, 0.000, 0.000, 0.000,0.0,0.0,0.0,0.0,0.0, 15:40:44.383
0.015451, 0.021690, 0.037500, 0.029512, 0.026003, 0.017975, 0.024792, 0.030898, 0.134, 0.162, 0.964,0.0,0.0,0.0,0.0,0.0, 15:40:44.383
0.015477, 0.021718, 0.037500, 0.029366, 0.026016, 0.017874, 0.024731, 0.030925, 0.000, 0.000, 0.000,0.0,0.0,0.0,0.0,0.0, 15:40:44.384
0.015472, 0.021710, 0.037500, 0.029350, 0.026020, 0.017910, 0.024748, 0.030918, 0.000, 0.000, 0.000,0.0,0.0,0.0,0.0,0.0, 15:40:44.385
0.015446, 0.021681, 0.037500, 0.029492, 0.026007, 0.018010, 0.024808, 0.030891, 0.000, 0.000, 0.000,0.0,0.0,0.0,0.0,0.0, 15:40:44.385
0.015449, 0.021684, 0.037500, 0.029528, 0.026000, 0.017991, 0.024800, 0.030893, 0.000, 0.000, 0.000,0.0,0.0,0.0,0.0,0.0, 15:40:44.386
0.015477, 0.021715, 0.037500, 0.029385, 0.026011, 0.017884, 0.024736, 0.030921, 0.000, 0.000, 0.000,0.0,0.0,0.0,0.0,0.0, 15:40:44.387
0.015477, 0.021713, 0.037500, 0.029331, 0.026020, 0.017892, 0.024738, 0.030923, 0.000, 0.000, 0.000,0.0,0.0,0.0,0.0,0.0, 15:40:44.387
0.015448, 0.021682, 0.037500, 0.029462, 0.026008, 0.017998, 0.024798, 0.030895, 0.000, 0.000, 0.000,0.0,0.0,0.0,0.0,0.0, 15:40:44.389
0.015444, 0.021678, 0.037500, 0.029535, 0.025998, 0.018006, 0.024806, 0.030890, 0.000, 0.000, 0.000,0.0,0.0,0.0,0.0,0.0, 15:40:44.390
0.015470, 0.021707, 0.037500, 0.029410, 0.026007, 0.017900, 0.024744, 0.030916, 0.130, 0.162, 0.972,0.0,0.0,0.0,0.0,0.0, 15:40:44.391
0.015478, 0.021713, 0.037500, 0.029322, 0.026019, 0.017879, 0.024730, 0.030925, 0.000, 0.000, 0.000,0.0,0.0,0.0,0.0,0.0, 15:40:44.392
0.015455, 0.021686, 0.037500, 0.029429, 0.026011, 0.017980, 0.024787, 0.030900, 0.000, 0.000, 0.000,0.0,0.0,0.0,0.0,0.0, 15:40:44.392
0.015441, 0.021673, 0.037500, 0.029533, 0.025999, 0.018016, 0.024811, 0.030887, 0.000, 0.000, 0.000,0.0,0.0,0.0,0.0,0.0, 15:40:44.393
0.015465, 0.021699, 0.037500, 0.029439, 0.026004, 0.017920, 0.024757, 0.030911, 0.000, 0.000, 0.000,0.0,0.0,0.0,0.0,0.0, 15:40:44.393
0.015481, 0.021714, 0.037500, 0.029322, 0.026017, 0.017871, 0.024726, 0.030927, 0.000, 0.000, 0.000,0.0,0.0,0.0,0.0,0.0, 15:40:44.394
0.015457, 0.021690, 0.037500, 0.029404, 0.026012, 0.017962, 0.024778, 0.030905, 0.000, 0.000, 0.000,0.0,0.0,0.0,0.0,0.0, 15:40:44.394
0.015442, 0.021673, 0.037500, 0.029530, 0.026001, 0.018022, 0.024816, 0.030887, 0.000, 0.000, 0.000,0.0,0.0,0.0,0.0,0.0, 15:40:44.395
0.015466, 0.021696, 0.037500, 0.029464, 0.026003, 0.017941, 0.024770, 0.030907, 0.000, 0.000, 0.000,0.0,0.0,0.0,0.0,0.0, 15:40:44.395
0.015487, 0.021717, 0.037500, 0.029323, 0.026015, 0.017866, 0.024723, 0.030928, 0.000, 0.000, 0.000,0.0,0.0,0.0,0.0,0.0, 15:40:44.396
0.015466, 0.021696, 0.037500, 0.029373, 0.026013, 0.017943, 0.024765, 0.030909, 0.130, 0.164, 0.972,0.0,0.0,0.0,0.0,0.0, 15:40:44.397
0.015443, 0.021672, 0.037500, 0.029511, 0.026000, 0.018022, 0.024813, 0.030888, 0.000, 0.000, 0.000,0.0,0.0,0.0,0.0,0.0, 15:40:44.397
0.015455, 0.021687, 0.037500, 0.029486, 0.025999, 0.017964, 0.024783, 0.030901, 0.000, 0.000, 0.000,0.0,0.0,0.0,0.0,0.0, 15:40:44.398
0.015479, 0.021712, 0.037500, 0.029341, 0.026010, 0.017871, 0.024726, 0.030925, 0.000, 0.000, 0.000,0.0,0.0,0.0,0.0,0.0, 15:40:44.398
0.015468, 0.021698, 0.037500, 0.029351, 0.026014, 0.017923, 0.024753, 0.030915, 0.000, 0.000, 0.000,0.0,0.0,0.0,0.0,0.0, 15:40:44.398
0.015442, 0.021670, 0.037500, 0.029496, 0.026001, 0.018017, 0.024809, 0.030887, 0.000, 0.000, 0.000,0.0,0.0,0.0,0.0,0.0, 15:40:44.399
0.015450, 0.021679, 0.037500, 0.029505, 0.025996, 0.017979, 0.024790, 0.030894, 0.000, 0.000, 0.000,0.0,0.0,0.0,0.0,0.0, 15:40:44.399
0.015477, 0.021707, 0.037500, 0.029357, 0.026008, 0.017875, 0.024728, 0.030922, 0.000, 0.000, 0.000,0.0,0.0,0.0,0.0,0.0, 15:40:44.400
0.015475, 0.021702, 0.037500, 0.029328, 0.026014, 0.017903, 0.024741, 0.030918, 0.000, 0.000, 0.000,0.0,0.0,0.0,0.0,0.0, 15:40:44.400
0.015448, 0.021674, 0.037500, 0.029470, 0.026004, 0.018008, 0.024802, 0.030890, 0.000, 0.000, 0.000,0.0,0.0,0.0,0.0,0.0, 15:40:44.400
0.015446, 0.021675, 0.037500, 0.029521, 0.025995, 0.017997, 0.024800, 0.030889, 0.128, 0.168, 0.972,5.948295E-6,7.879327E-6,9.68519E-6,3.04693E-5,3.8692506E-5, 15:40:44.401
0.015475, 0.021706, 0.037500, 0.029383, 0.026005, 0.017889, 0.024735, 0.030918, 0.000, 0.000, 0.000,5.948295E-6,7.879327E-6,9.68519E-6,3.04693E-5,3.8692506E-5, 15:40:44.402
0.015475, 0.021706, 0.037500, 0.029320, 0.026014, 0.017889, 0.024733, 0.030921, 0.000, 0.000, 0.000,5.948295E-6,7.879327E-6,9.68519E-6,3.04693E-5,3.8692506E-5, 15:40:44.411
0.015448, 0.021678, 0.037500, 0.029444, 0.026007, 0.017992, 0.024794, 0.030895, 0.000, 0.000, 0.000,5.948295E-6,7.879327E-6,9.68519E-6,3.04693E-5,3.8692506E-5, 15:40:44.411
0.015443, 0.021673, 0.037500, 0.029523, 0.025998, 0.018008, 0.024806, 0.030889, 0.000, 0.000, 0.000,5.948295E-6,7.879327E-6,9.68519E-6,3.04693E-5,3.8692506E-5, 15:40:44.412
0.015471, 0.021701, 0.037500, 0.029407, 0.026006, 0.017905, 0.024747, 0.030915, 0.000, 0.000, 0.000,5.948295E-6,7.879327E-6,9.68519E-6,3.04693E-5,3.8692506E-5, 15:40:44.412
0.015480, 0.021709, 0.037500, 0.029310, 0.026017, 0.017875, 0.024728, 0.030925, 0.000, 0.000, 0.000,5.948295E-6,7.879327E-6,9.68519E-6,3.04693E-5,3.8692506E-5, 15:40:44.412
0.015456, 0.021683, 0.037500, 0.029411, 0.026012, 0.017974, 0.024784, 0.030902, 0.000, 0.000, 0.000,5.948295E-6,7.879327E-6,9.68519E-6,3.04693E-5,3.8692506E-5, 15:40:44.413
0.015442, 0.021669, 0.037500, 0.029519, 0.026001, 0.018016, 0.024813, 0.030888, 0.000, 0.000, 0.000,5.948295E-6,7.879327E-6,9.68519E-6,3.04693E-5,3.8692506E-5, 15:40:44.413
0.015463, 0.021693, 0.037500, 0.029431, 0.026004, 0.017923, 0.024761, 0.030910, 0.114, 0.168, 0.974,5.948295E-6,7.879327E-6,9.68519E-6,3.04693E-5,3.8692506E-5, 15:40:44.413
0.015480, 0.021710, 0.037500, 0.029306, 0.026017, 0.017866, 0.024725, 0.030928, 0.000, 0.000, 0.000,5.948295E-6,7.879327E-6,9.68519E-6,3.04693E-5,3.8692506E-5, 15:40:44.413
0.015457, 0.021686, 0.037500, 0.029381, 0.026013, 0.017955, 0.024775, 0.030906, 0.000, 0.000, 0.000,5.948295E-6,7.879327E-6,9.68519E-6,3.04693E-5,3.8692506E-5, 15:40:44.414
0.015439, 0.021667, 0.037500, 0.029515, 0.026001, 0.018022, 0.024816, 0.030886, 0.000, 0.000, 0.000,5.948295E-6,7.879327E-6,9.68519E-6,3.04693E-5,3.8692506E-5, 15:40:44.414
0.015460, 0.021690, 0.037500, 0.029461, 0.026001, 0.017945, 0.024773, 0.030905, 0.000, 0.000, 0.000,5.948295E-6,7.879327E-6,9.68519E-6,3.04693E-5,3.8692506E-5, 15:40:44.415
0.015482, 0.021713, 0.037500, 0.029318, 0.026016, 0.017865, 0.024724, 0.030928, 0.000, 0.000, 0.000,5.948295E-6,7.879327E-6,9.68519E-6,3.04693E-5,3.8692506E-5, 15:40:44.415
0.015465, 0.021695, 0.037500, 0.029354, 0.026015, 0.017934, 0.024760, 0.030912, 0.000, 0.000, 0.000,5.948295E-6,7.879327E-6,9.68519E-6,3.04693E-5,3.8692506E-5, 15:40:44.415
0.015442, 0.021670, 0.037500, 0.029497, 0.026003, 0.018020, 0.024813, 0.030888, 0.000, 0.000, 0.000,5.948295E-6,7.879327E-6,9.68519E-6,3.04693E-5,3.8692506E-5, 15:40:44.416
0.015455, 0.021684, 0.037500, 0.029482, 0.026000, 0.017967, 0.024785, 0.030900, 0.000, 0.000, 0.000,5.948295E-6,7.879327E-6,9.68519E-6,3.04693E-5,3.8692506E-5, 15:40:44.416
0.015480, 0.021711, 0.037500, 0.029332, 0.026012, 0.017870, 0.024725, 0.030925, 0.000, 0.000, 0.000,5.948295E-6,7.879327E-6,9.68519E-6,3.04693E-5,3.8692506E-5, 15:40:44.417
0.015469, 0.021698, 0.037500, 0.029331, 0.026015, 0.017915, 0.024748, 0.030915, 0.112, 0.176, 0.974,5.948295E-6,7.879327E-6,9.68519E-6,3.04693E-5,3.8692506E-5, 15:40:44.419
0.015441, 0.021669, 0.037500, 0.029478, 0.026003, 0.018012, 0.024807, 0.030888, 0.000, 0.000, 0.000,5.948295E-6,7.879327E-6,9.68519E-6,3.04693E-5,3.8692506E-5, 15:40:44.419
0.015447, 0.021677, 0.037500, 0.029496, 0.025998, 0.017982, 0.024793, 0.030895, 0.000, 0.000, 0.000,5.948295E-6,7.879327E-6,9.68519E-6,3.04693E-5,3.8692506E-5, 15:40:44.420
0.015476, 0.021708, 0.037500, 0.029351, 0.026009, 0.017877, 0.024730, 0.030922, 0.000, 0.000, 0.000,5.948295E-6,7.879327E-6,9.68519E-6,3.04693E-5,3.8692506E-5, 15:40:44.420
0.015475, 0.021705, 0.037500, 0.029313, 0.026017, 0.017898, 0.024740, 0.030921, 0.000, 0.000, 0.000,5.948295E-6,7.879327E-6,9.68519E-6,3.04693E-5,3.8692506E-5, 15:40:44.421
0.015447, 0.021676, 0.037500, 0.029450, 0.026007, 0.018001, 0.024802, 0.030893, 0.000, 0.000, 0.000,5.948295E-6,7.879327E-6,9.68519E-6,3.04693E-5,3.8692506E-5, 15:40:44.421
0.015447, 0.021677, 0.037500, 0.029506, 0.026000, 0.017999, 0.024805, 0.030892, 0.000, 0.000, 0.000,5.948295E-6,7.879327E-6,9.68519E-6,3.04693E-5,3.8692506E-5, 15:40:44.422
0.015473, 0.021706, 0.037500, 0.029376, 0.026008, 0.017892, 0.024742, 0.030919, 0.000, 0.000, 0.000,5.948295E-6,7.879327E-6,9.68519E-6,3.04693E-5,3.8692506E-5, 15:40:44.422
0.015476, 0.021708, 0.037500, 0.029302, 0.026018, 0.017882, 0.024733, 0.030924, 0.000, 0.000, 0.000,5.948295E-6,7.879327E-6,9.68519E-6,3.04693E-5,3.8692506E-5, 15:40:44.423
0.015449, 0.021680, 0.037500, 0.029422, 0.026008, 0.017986, 0.024791, 0.030897, 0.108, 0.172, 0.974,5.948295E-6,7.879327E-6,9.68519E-6,3.04693E-5,3.8692506E-5, 15:40:44.423
0.015441, 0.021673, 0.037500, 0.029509, 0.025998, 0.018010, 0.024807, 0.030889, 0.000, 0.000, 0.000,5.948295E-6,7.879327E-6,9.68519E-6,3.04693E-5,3.8692506E-5, 15:40:44.424
0.015467, 0.021701, 0.037500, 0.029398, 0.026005, 0.017910, 0.024749, 0.030915, 0.000, 0.000, 0.000,5.948295E-6,7.879327E-6,9.68519E-6,3.04693E-5,3.8692506E-5, 15:40:44.424
0.015478, 0.021711, 0.037500, 0.029290, 0.026016, 0.017873, 0.024724, 0.030927, 0.000, 0.000, 0.000,5.948295E-6,7.879327E-6,9.68519E-6,3.04693E-5,3.8692506E-5, 15:40:44.425
0.015454, 0.021685, 0.037500, 0.029382, 0.026010, 0.017969, 0.024780, 0.030905, 0.000, 0.000, 0.000,5.948295E-6,7.879327E-6,9.68519E-6,3.04693E-5,3.8692506E-5, 15:40:44.426
0.015437, 0.021670, 0.037500, 0.029502, 0.025998, 0.018020, 0.024814, 0.030888, 0.000, 0.000, 0.000,5.948295E-6,7.879327E-6,9.68519E-6,3.04693E-5,3.8692506E-5, 15:40:44.426
0.015457, 0.021693, 0.037500, 0.029425, 0.025999, 0.017932, 0.024763, 0.030907, 0.000, 0.000, 0.000,5.948295E-6,7.879327E-6,9.68519E-6,3.04693E-5,3.8692506E-5, 15:40:44.427
0.015477, 0.021713, 0.037500, 0.029292, 0.026013, 0.017866, 0.024722, 0.030926, 0.000, 0.000, 0.000,5.948295E-6,7.879327E-6,9.68519E-6,3.04693E-5,3.8692506E-5, 15:40:44.427
0.015458, 0.021691, 0.037500, 0.029357, 0.026012, 0.017949, 0.024768, 0.030906, 0.000, 0.000, 0.000,5.948295E-6,7.879327E-6,9.68519E-6,3.04693E-5,3.8692506E-5, 15:40:44.428
0.015438, 0.021670, 0.037500, 0.029494, 0.025999, 0.018021, 0.024813, 0.030884, 0.000, 0.000, 0.000,5.948295E-6,7.879327E-6,9.68519E-6,3.04693E-5,3.8692506E-5, 15:40:44.429
0.015455, 0.021689, 0.037500, 0.029452, 0.025998, 0.017951, 0.024774, 0.030900, 0.112, 0.176, 0.976,5.948295E-6,7.879327E-6,9.68519E-6,3.04693E-5,3.8692506E-5, 15:40:44.430
0.015481, 0.021716, 0.037500, 0.029303, 0.026012, 0.017865, 0.024720, 0.030926, 0.000, 0.000, 0.000,5.948295E-6,7.879327E-6,9.68519E-6,3.04693E-5,3.8692506E-5, 15:40:44.431
0.015467, 0.021699, 0.037500, 0.029330, 0.026015, 0.017929, 0.024756, 0.030912, 0.000, 0.000, 0.000,5.948295E-6,7.879327E-6,9.68519E-6,3.04693E-5,3.8692506E-5, 15:40:44.432
0.015442, 0.021673, 0.037500, 0.029477, 0.026003, 0.018019, 0.024811, 0.030888, 0.000, 0.000, 0.000,5.948295E-6,7.879327E-6,9.68519E-6,3.04693E-5,3.8692506E-5, 15:40:44.433
0.015451, 0.021685, 0.037500, 0.029475, 0.026000, 0.017973, 0.024789, 0.030897, 0.000, 0.000, 0.000,5.948295E-6,7.879327E-6,9.68519E-6,3.04693E-5,3.8692506E-5, 15:40:44.433
0.015477, 0.021714, 0.037500, 0.029327, 0.026013, 0.017872, 0.024729, 0.030924, 0.000, 0.000, 0.000,5.948295E-6,7.879327E-6,9.68519E-6,3.04693E-5,3.8692506E-5, 15:40:44.434
0.015472, 0.021705, 0.037500, 0.029316, 0.026018, 0.017911, 0.024748, 0.030919, 0.000, 0.000, 0.000,5.948295E-6,7.879327E-6,9.68519E-6,3.04693E-5,3.8692506E-5, 15:40:44.434
0.015446, 0.021676, 0.037500, 0.029457, 0.026006, 0.018012, 0.024807, 0.030893, 0.000, 0.000, 0.000,5.948295E-6,7.879327E-6,9.68519E-6,3.04693E-5,3.8692506E-5, 15:40:44.435
0.015446, 0.021680, 0.037500, 0.029492, 0.026000, 0.017992, 0.024798, 0.030895, 0.000, 0.000, 0.000,5.948295E-6,7.879327E-6,9.68519E-6,3.04693E-5,3.8692506E-5, 15:40:44.435
0.015475, 0.021711, 0.037500, 0.029348, 0.026011, 0.017883, 0.024735, 0.030924, 0.122, 0.166, 0.976,5.948295E-6,7.879327E-6,9.68519E-6,3.04693E-5,3.8692506E-5, 15:40:44.435
0.015474, 0.021710, 0.037500, 0.029295, 0.026019, 0.017893, 0.024738, 0.030924, 0.000, 0.000, 0.000,5.948295E-6,7.879327E-6,9.68519E-6,3.04693E-5,3.8692506E-5, 15:40:44.435
0.015445, 0.021678, 0.037500, 0.029432, 0.026007, 0.018000, 0.024800, 0.030895, 0.000, 0.000, 0.000,5.948295E-6,7.879327E-6,9.68519E-6,3.04693E-5,3.8692506E-5, 15:40:44.436
0.015442, 0.021675, 0.037500, 0.029501, 0.025998, 0.018004, 0.024807, 0.030891, 0.000, 0.000, 0.000,5.948295E-6,7.879327E-6,9.68519E-6,3.04693E-5,3.8692506E-5, 15:40:44.438
0.015469, 0.021706, 0.037500, 0.029380, 0.026006, 0.017899, 0.024746, 0.030916, 0.000, 0.000, 0.000,5.948295E-6,7.879327E-6,9.68519E-6,3.04693E-5,3.8692506E-5, 15:40:44.439
0.015478, 0.021715, 0.037500, 0.029291, 0.026017, 0.017878, 0.024731, 0.030926, 0.000, 0.000, 0.000,5.948295E-6,7.879327E-6,9.68519E-6,3.04693E-5,3.8692506E-5, 15:40:44.439
0.015452, 0.021686, 0.037500, 0.029405, 0.026010, 0.017982, 0.024789, 0.030899, 0.000, 0.000, 0.000,5.948295E-6,7.879327E-6,9.68519E-6,3.04693E-5,3.8692506E-5, 15:40:44.440
0.015441, 0.021676, 0.037500, 0.029508, 0.026000, 0.018016, 0.024813, 0.030887, 0.000, 0.000, 0.000,5.948295E-6,7.879327E-6,9.68519E-6,3.04693E-5,3.8692506E-5, 15:40:44.440
0.015468, 0.021705, 0.037500, 0.029407, 0.026008, 0.017919, 0.024758, 0.030914, 0.000, 0.000, 0.000,5.948295E-6,7.879327E-6,9.68519E-6,3.04693E-5,3.8692506E-5, 15:40:44.440
0.015482, 0.021718, 0.037500, 0.029290, 0.026021, 0.017873, 0.024727, 0.030930, 0.000, 0.000, 0.000,5.948295E-6,7.879327E-6,9.68519E-6,3.04693E-5,3.8692506E-5, 15:40:44.441
0.015457, 0.021691, 0.037500, 0.029379, 0.026013, 0.017966, 0.024779, 0.030904, 0.126, 0.166, 0.982,5.948295E-6,7.879327E-6,9.68519E-6,3.04693E-5,3.8692506E-5, 15:40:44.441
0.015441, 0.021676, 0.037500, 0.029502, 0.025998, 0.018020, 0.024813, 0.030885, 0.000, 0.000, 0.000,5.948295E-6,7.879327E-6,9.68519E-6,3.04693E-5,3.8692506E-5, 15:40:44.442
0.015459, 0.021697, 0.037500, 0.029433, 0.026000, 0.017937, 0.024766, 0.030905, 0.000, 0.000, 0.000,5.948295E-6,7.879327E-6,9.68519E-6,3.04693E-5,3.8692506E-5, 15:40:44.442
0.015478, 0.021718, 0.037500, 0.029296, 0.026015, 0.017865, 0.024722, 0.030927, 0.000, 0.000, 0.000,5.948295E-6,7.879327E-6,9.68519E-6,3.04693E-5,3.8692506E-5, 15:40:44.443
0.015459, 0.021697, 0.037500, 0.029348, 0.026015, 0.017942, 0.024765, 0.030910, 0.000, 0.000, 0.000,5.948295E-6,7.879327E-6,9.68519E-6,3.04693E-5,3.8692506E-5, 15:40:44.443
0.015435, 0.021672, 0.037500, 0.029487, 0.026001, 0.018020, 0.024814, 0.030887, 0.000, 0.000, 0.000,5.948295E-6,7.879327E-6,9.68519E-6,3.04693E-5,3.8692506E-5, 15:40:44.444
0.015448, 0.021688, 0.037500, 0.029454, 0.026000, 0.017957, 0.024780, 0.030902, 0.000, 0.000, 0.000,5.948295E-6,7.879327E-6,9.68519E-6,3.04693E-5,3.8692506E-5, 15:40:44.444
0.015471, 0.021712, 0.037500, 0.029307, 0.026012, 0.017866, 0.024724, 0.030926, 0.000, 0.000, 0.000,5.948295E-6,7.879327E-6,9.68519E-6,3.04693E-5,3.8692506E-5, 15:40:44.445
0.015456, 0.021695, 0.037500, 0.029325, 0.026012, 0.017921, 0.024752, 0.030912, 0.000, 0.000, 0.000,5.948295E-6,7.879327E-6,9.68519E-6,3.04693E-5,3.8692506E-5, 15:40:44.446
0.015430, 0.021668, 0.037500, 0.029474, 0.025998, 0.018015, 0.024808, 0.030886, 0.000, 0.000, 0.000,5.948295E-6,7.879327E-6,9.68519E-6,3.04693E-5,3.8692506E-5, 15:40:44.446
0.015438, 0.021678, 0.037500, 0.029481, 0.025994, 0.017975, 0.024788, 0.030894, 0.138, 0.174, 0.980,3.8300455E-5,5.3762036E-5,6.688232E-5,1.8602223E-4,2.022494E-4, 15:40:44.447
0.015467, 0.021710, 0.037500, 0.029330, 0.026009, 0.017871, 0.024726, 0.030923, 0.000, 0.000, 0.000,3.8300455E-5,5.3762036E-5,6.688232E-5,1.8602223E-4,2.022494E-4, 15:40:44.447
0.015461, 0.021702, 0.037500, 0.029305, 0.026013, 0.017902, 0.024741, 0.030918, 0.000, 0.000, 0.000,3.8300455E-5,5.3762036E-5,6.688232E-5,1.8602223E-4,2.022494E-4, 15:40:44.447
0.015434, 0.021672, 0.037500, 0.029447, 0.026002, 0.018004, 0.024802, 0.030890, 0.000, 0.000, 0.000,3.8300455E-5,5.3762036E-5,6.688232E-5,1.8602223E-4,2.022494E-4, 15:40:44.448
0.015435, 0.021675, 0.037500, 0.029490, 0.025995, 0.017991, 0.024798, 0.030891, 0.000, 0.000, 0.000,3.8300455E-5,5.3762036E-5,6.688232E-5,1.8602223E-4,2.022494E-4, 15:40:44.448
0.015462, 0.021705, 0.037500, 0.029353, 0.026004, 0.017885, 0.024735, 0.030918, 0.000, 0.000, 0.000,3.8300455E-5,5.3762036E-5,6.688232E-5,1.8602223E-4,2.022494E-4, 15:40:44.449
0.015463, 0.021705, 0.037500, 0.029294, 0.026013, 0.017887, 0.024733, 0.030919, 0.000, 0.000, 0.000,3.8300455E-5,5.3762036E-5,6.688232E-5,1.8602223E-4,2.022494E-4, 15:40:44.449
0.015437, 0.021676, 0.037500, 0.029423, 0.026004, 0.017991, 0.024794, 0.030892, 0.000, 0.000, 0.000,3.8300455E-5,5.3762036E-5,6.688232E-5,1.8602223E-4,2.022494E-4, 15:40:44.450
0.015432, 0.021672, 0.037500, 0.029501, 0.025993, 0.018004, 0.024805, 0.030885, 0.000, 0.000, 0.000,0.0,0.0,0.0,0.0,0.0, 15:40:44.855
0.015456, 0.021701, 0.037500, 0.029384, 0.026002, 0.017901, 0.024745, 0.030912, 0.132, 0.176, 0.976,0.0,0.0,0.0,0.0,0.0, 15:40:44.855
0.015467, 0.021712, 0.037500, 0.029283, 0.026015, 0.017872, 0.024726, 0.030926, 0.000, 0.000, 0.000,0.0,0.0,0.0,0.0,0.0, 15:40:44.856
0.015441, 0.021682, 0.037500, 0.029391, 0.026009, 0.017975, 0.024786, 0.030899, 0.000, 0.000, 0.000,0.0,0.0,0.0,0.0,0.0, 15:40:44.856
0.015429, 0.021669, 0.037500, 0.029501, 0.025997, 0.018015, 0.024812, 0.030885, 0.000, 0.000, 0.000,0.0,0.0,0.0,0.0,0.0, 15:40:44.856
0.015452, 0.021696, 0.037500, 0.029409, 0.026002, 0.017921, 0.024758, 0.030909, 0.000, 0.000, 0.000,0.0,0.0,0.0,0.0,0.0, 15:40:44.857
0.015469, 0.021714, 0.037500, 0.029284, 0.026014, 0.017866, 0.024723, 0.030926, 0.000, 0.000, 0.000,0.0,0.0,0.0,0.0,0.0, 15:40:44.858
0.015447, 0.021690, 0.037500, 0.029360, 0.026010, 0.017955, 0.024773, 0.030905, 0.000, 0.000, 0.000,0.0,0.0,0.0,0.0,0.0, 15:40:44.859
0.015427, 0.021669, 0.037500, 0.029492, 0.025997, 0.018020, 0.024814, 0.030885, 0.000, 0.000, 0.000,0.0,0.0,0.0,0.0,0.0, 15:40:44.859
0.015446, 0.021691, 0.037500, 0.029437, 0.025998, 0.017943, 0.024771, 0.030903, 0.000, 0.000, 0.000,0.0,0.0,0.0,0.0,0.0, 15:40:44.860
0.015468, 0.021715, 0.037500, 0.029294, 0.026011, 0.017864, 0.024722, 0.030925, 0.000, 0.000, 0.000,0.0,0.0,0.0,0.0,0.0, 15:40:44.860
0.015451, 0.021697, 0.037500, 0.029334, 0.026012, 0.017936, 0.024762, 0.030910, 0.120, 0.172, 0.970,0.0,0.0,0.0,0.0,0.0, 15:40:44.860
0.015430, 0.021674, 0.037500, 0.029476, 0.026001, 0.018019, 0.024813, 0.030887, 0.000, 0.000, 0.000,0.0,0.0,0.0,0.0,0.0, 15:40:44.860
0.015442, 0.021687, 0.037500, 0.029459, 0.025998, 0.017964, 0.024783, 0.030897, 0.000, 0.000, 0.000,0.0,0.0,0.0,0.0,0.0, 15:40:44.861
0.015467, 0.021715, 0.037500, 0.029311, 0.026010, 0.017867, 0.024724, 0.030923, 0.000, 0.000, 0.000,0.0,0.0,0.0,0.0,0.0, 15:40:44.861
0.015456, 0.021704, 0.037500, 0.029311, 0.026014, 0.017915, 0.024749, 0.030914, 0.000, 0.000, 0.000,0.0,0.0,0.0,0.0,0.0, 15:40:44.861
0.015431, 0.021676, 0.037500, 0.029457, 0.026003, 0.018012, 0.024807, 0.030888, 0.000, 0.000, 0.000,0.0,0.0,0.0,0.0,0.0, 15:40:44.861
0.015437, 0.021683, 0.037500, 0.029475, 0.025997, 0.017981, 0.024792, 0.030893, 0.000, 0.000, 0.000,0.0,0.0,0.0,0.0,0.0, 15:40:44.862
0.015464, 0.021714, 0.037500, 0.029329, 0.026008, 0.017875, 0.024729, 0.030921, 0.000, 0.000, 0.000,0.0,0.0,0.0,0.0,0.0, 15:40:44.862
0.015460, 0.021709, 0.037500, 0.029294, 0.026015, 0.017898, 0.024739, 0.030917, 0.000, 0.000, 0.000,0.0,0.0,0.0,0.0,0.0, 15:40:44.862
0.015432, 0.021679, 0.037500, 0.029434, 0.026002, 0.018001, 0.024799, 0.030889, 0.116, 0.172, 0.972,0.0,0.0,0.0,0.0,0.0, 15:40:44.862
0.015432, 0.021679, 0.037500, 0.029490, 0.025994, 0.017996, 0.024800, 0.030888, 0.000, 0.000, 0.000,0.0,0.0,0.0,0.0,0.0, 15:40:44.862
0.015459, 0.021710, 0.037500, 0.029360, 0.026004, 0.017890, 0.024738, 0.030916, 0.000, 0.000, 0.000,0.0,0.0,0.0,0.0,0.0, 15:40:44.863
0.015464, 0.021714, 0.037500, 0.029290, 0.026015, 0.017883, 0.024731, 0.030921, 0.000, 0.000, 0.000,0.0,0.0,0.0,0.0,0.0, 15:40:44.863
0.015437, 0.021684, 0.037500, 0.029413, 0.026006, 0.017988, 0.024791, 0.030895, 0.000, 0.000, 0.000,0.0,0.0,0.0,0.0,0.0, 15:40:44.863
0.015429, 0.021678, 0.037500, 0.029498, 0.025996, 0.018009, 0.024807, 0.030890, 0.000, 0.000, 0.000,0.0,0.0,0.0,0.0,0.0, 15:40:44.864
0.015455, 0.021706, 0.037500, 0.029387, 0.026003, 0.017909, 0.024749, 0.030914, 0.000, 0.000, 0.000,0.0,0.0,0.0,0.0,0.0, 15:40:44.865
0.015468, 0.021717, 0.037500, 0.029285, 0.026014, 0.017873, 0.024724, 0.030924, 0.000, 0.000, 0.000,0.0,0.0,0.0,0.0,0.0, 15:40:44.866
0.015444, 0.021691, 0.037500, 0.029385, 0.026008, 0.017970, 0.024779, 0.030900, 0.000, 0.000, 0.000,0.0,0.0,0.0,0.0,0.0, 15:40:44.866
0.015431, 0.021678, 0.037500, 0.029499, 0.025997, 0.018017, 0.024810, 0.030886, 0.000, 0.000, 0.000,0.0,0.0,0.0,0.0,0.0, 15:40:44.867
0.015454, 0.021703, 0.037500, 0.029416, 0.026000, 0.017927, 0.024759, 0.030908, 0.110, 0.170, 0.968,0.0,0.0,0.0,0.0,0.0, 15:40:44.867
0.015469, 0.021719, 0.037500, 0.029290, 0.026012, 0.017865, 0.024721, 0.030925, 0.000, 0.000, 0.000,0.0,0.0,0.0,0.0,0.0, 15:40:44.868
0.015446, 0.021693, 0.037500, 0.029361, 0.026009, 0.017950, 0.024769, 0.030904, 0.000, 0.000, 0.000,0.0,0.0,0.0,0.0,0.0, 15:40:44.868
0.015429, 0.021675, 0.037500, 0.029492, 0.025996, 0.018019, 0.024810, 0.030886, 0.000, 0.000, 0.000,0.0,0.0,0.0,0.0,0.0, 15:40:44.869
0.015445, 0.021694, 0.037500, 0.029446, 0.025997, 0.017949, 0.024772, 0.030903, 0.000, 0.000, 0.000,0.0,0.0,0.0,0.0,0.0, 15:40:44.869
0.015467, 0.021717, 0.037500, 0.029304, 0.026011, 0.017866, 0.024722, 0.030926, 0.000, 0.000, 0.000,0.0,0.0,0.0,0.0,0.0, 15:40:44.870
0.015453, 0.021700, 0.037500, 0.029333, 0.026014, 0.017930, 0.024758, 0.030913, 0.000, 0.000, 0.000,0.0,0.0,0.0,0.0,0.0, 15:40:44.871
0.015429, 0.021674, 0.037500, 0.029478, 0.026001, 0.018019, 0.024813, 0.030888, 0.000, 0.000, 0.000,0.0,0.0,0.0,0.0,0.0, 15:40:44.871
0.015440, 0.021689, 0.037500, 0.029470, 0.025999, 0.017970, 0.024787, 0.030899, 0.000, 0.000, 0.000,0.0,0.0,0.0,0.0,0.0, 15:40:44.871
0.015467, 0.021719, 0.037500, 0.029317, 0.026013, 0.017870, 0.024727, 0.030928, 0.116, 0.172, 0.968,0.0,0.0,0.0,0.0,0.0, 15:40:44.872
0.015456, 0.021706, 0.037500, 0.029311, 0.026016, 0.017911, 0.024748, 0.030917, 0.000, 0.000, 0.000,0.0,0.0,0.0,0.0,0.0, 15:40:44.873
0.015428, 0.021678, 0.037500, 0.029458, 0.026004, 0.018010, 0.024808, 0.030890, 0.000, 0.000, 0.000,0.0,0.0,0.0,0.0,0.0, 15:40:44.873
0.015436, 0.021684, 0.037500, 0.029488, 0.025997, 0.017986, 0.024796, 0.030894, 0.000, 0.000, 0.000,0.0,0.0,0.0,0.0,0.0, 15:40:44.874
0.015466, 0.021716, 0.037500, 0.029343, 0.026008, 0.017880, 0.024732, 0.030923, 0.000, 0.000, 0.000,0.0,0.0,0.0,0.0,0.0, 15:40:44.874
0.015463, 0.021711, 0.037500, 0.029300, 0.026015, 0.017894, 0.024738, 0.030920, 0.000, 0.000, 0.000,0.0,0.0,0.0,0.0,0.0, 15:40:44.874
0.015437, 0.021683, 0.037500, 0.029434, 0.026005, 0.017998, 0.024798, 0.030894, 0.000, 0.000, 0.000,0.0,0.0,0.0,0.0,0.0, 15:40:44.875
0.015434, 0.021682, 0.037500, 0.029498, 0.025996, 0.018001, 0.024803, 0.030890, 0.000, 0.000, 0.000,0.0,0.0,0.0,0.0,0.0, 15:40:44.875
0.015460, 0.021712, 0.037500, 0.029371, 0.026005, 0.017896, 0.024742, 0.030917, 0.000, 0.000, 0.000,0.0,0.0,0.0,0.0,0.0, 15:40:44.875
0.015466, 0.021717, 0.037500, 0.029289, 0.026016, 0.017880, 0.024730, 0.030925, 0.000, 0.000, 0.000,0.0,0.0,0.0,0.0,0.0, 15:40:44.876
0.015440, 0.021687, 0.037500, 0.029409, 0.026008, 0.017984, 0.024791, 0.030899, 0.114, 0.174, 0.970,0.0,0.0,0.0,0.0,0.0, 15:40:44.876
0.015432, 0.021679, 0.037500, 0.029504, 0.025996, 0.018013, 0.024810, 0.030889, 0.000, 0.000, 0.000,0.0,0.0,0.0,0.0,0.0, 15:40:44.876
0.015455, 0.021705, 0.037500, 0.029403, 0.026001, 0.017914, 0.024753, 0.030909, 0.000, 0.000, 0.000,0.0,0.0,0.0,0.0,0.0, 15:40:44.877
0.015467, 0.021718, 0.037500, 0.029291, 0.026014, 0.017870, 0.024724, 0.030924, 0.000, 0.000, 0.000,0.0,0.0,0.0,0.0,0.0, 15:40:44.877
0.015445, 0.021693, 0.037500, 0.029377, 0.026009, 0.017962, 0.024776, 0.030902, 0.000, 0.000, 0.000,0.0,0.0,0.0,0.0,0.0, 15:40:44.878
0.015428, 0.021676, 0.037500, 0.029498, 0.025997, 0.018017, 0.024811, 0.030885, 0.000, 0.000, 0.000,0.0,0.0,0.0,0.0,0.0, 15:40:44.878
0.015447, 0.021698, 0.037500, 0.029429, 0.025999, 0.017935, 0.024765, 0.030905, 0.000, 0.000, 0.000,0.0,0.0,0.0,0.0,0.0, 15:40:44.878
0.015466, 0.021718, 0.037500, 0.029297, 0.026013, 0.017865, 0.024722, 0.030925, 0.000, 0.000, 0.000,0.0,0.0,0.0,0.0,0.0, 15:40:44.879
0.015449, 0.021698, 0.037500, 0.029352, 0.026012, 0.017943, 0.024765, 0.030908, 0.000, 0.000, 0.000,0.0,0.0,0.0,0.0,0.0, 15:40:44.879
0.015428, 0.021675, 0.037500, 0.029492, 0.025997, 0.018021, 0.024813, 0.030885, 0.000, 0.000, 0.000,0.0,0.0,0.0,0.0,0.0, 15:40:44.879
0.015444, 0.021693, 0.037500, 0.029459, 0.025997, 0.017955, 0.024777, 0.030900, 0.126, 0.172, 0.976,0.0,0.0,0.0,0.0,0.0, 15:40:44.880
0.015467, 0.021719, 0.037500, 0.029312, 0.026011, 0.017865, 0.024723, 0.030925, 0.000, 0.000, 0.000,0.0,0.0,0.0,0.0,0.0, 15:40:44.882
0.015452, 0.021703, 0.037500, 0.029335, 0.026013, 0.017924, 0.024755, 0.030912, 0.000, 0.000, 0.000,0.0,0.0,0.0,0.0,0.0, 15:40:44.883
0.015431, 0.021678, 0.037500, 0.029480, 0.026001, 0.018016, 0.024811, 0.030887, 0.000, 0.000, 0.000,0.0,0.0,0.0,0.0,0.0, 15:40:44.883
0.015440, 0.021689, 0.037500, 0.029484, 0.025997, 0.017974, 0.024791, 0.030895, 0.000, 0.000, 0.000,0.0,0.0,0.0,0.0,0.0, 15:40:44.884
0.015464, 0.021716, 0.037500, 0.029339, 0.026008, 0.017873, 0.024729, 0.030922, 0.000, 0.000, 0.000,0.0,0.0,0.0,0.0,0.0, 15:40:44.884
0.015456, 0.021708, 0.037500, 0.029322, 0.026013, 0.017905, 0.024745, 0.030916, 0.000, 0.000, 0.000,0.0,0.0,0.0,0.0,0.0, 15:40:44.884
0.015432, 0.021680, 0.037500, 0.029464, 0.026002, 0.018007, 0.024806, 0.030889, 0.000, 0.000, 0.000,0.0,0.0,0.0,0.0,0.0, 15:40:44.885
0.015434, 0.021683, 0.037500, 0.029505, 0.025996, 0.017992, 0.024800, 0.030893, 0.000, 0.000, 0.000,0.0,0.0,0.0,0.0,0.0, 15:40:44.885
0.015461, 0.021713, 0.037500, 0.029366, 0.026007, 0.017886, 0.024738, 0.030921, 0.126, 0.176, 0.974,0.0,0.0,0.0,0.0,0.0, 15:40:44.886
0.015463, 0.021714, 0.037500, 0.029309, 0.026016, 0.017890, 0.024738, 0.030923, 0.000, 0.000, 0.000,0.0,0.0,0.0,0.0,0.0, 15:40:44.886
0.015437, 0.021685, 0.037500, 0.029444, 0.026006, 0.017996, 0.024800, 0.030894, 0.000, 0.000, 0.000,0.0,0.0,0.0,0.0,0.0, 15:40:44.886
0.015433, 0.021682, 0.037500, 0.029518, 0.025996, 0.018005, 0.024808, 0.030889, 0.000, 0.000, 0.000,0.0,0.0,0.0,0.0,0.0, 15:40:44.887
0.015459, 0.021712, 0.037500, 0.029398, 0.026004, 0.017901, 0.024747, 0.030915, 0.000, 0.000, 0.000,0.0,0.0,0.0,0.0,0.0, 15:40:44.887
0.015468, 0.021720, 0.037500, 0.029308, 0.026014, 0.017877, 0.024729, 0.030923, 0.000, 0.000, 0.000,0.0,0.0,0.0,0.0,0.0, 15:40:44.888
0.015443, 0.021691, 0.037500, 0.029419, 0.026006, 0.017978, 0.024786, 0.030897, 0.000, 0.000, 0.000,0.0,0.0,0.0,0.0,0.0, 15:40:44.888
0.015433, 0.021680, 0.037500, 0.029524, 0.025995, 0.018016, 0.024811, 0.030886, 0.000, 0.000, 0.000,0.0,0.0,0.0,0.0,0.0, 15:40:44.888
0.015455, 0.021706, 0.037500, 0.029432, 0.026000, 0.017921, 0.024758, 0.030910, 0.000, 0.000, 0.000,0.0,0.0,0.0,0.0,0.0, 15:40:44.889
0.015471, 0.021721, 0.037500, 0.029312, 0.026014, 0.017870, 0.024724, 0.030928, 0.000, 0.000, 0.000,0.0,0.0,0.0,0.0,0.0, 15:40:44.890
0.015451, 0.021697, 0.037500, 0.029391, 0.026011, 0.017961, 0.024775, 0.030907, 0.108, 0.174, 0.976,0.0,0.0,0.0,0.0,0.0, 15:40:44.890
0.015431, 0.021677, 0.037500, 0.029520, 0.025997, 0.018023, 0.024814, 0.030886, 0.000, 0.000, 0.000,0.0,0.0,0.0,0.0,0.0, 15:40:44.890
0.015448, 0.021698, 0.037500, 0.029463, 0.025999, 0.017944, 0.024771, 0.030904, 0.000, 0.000, 0.000,0.0,0.0,0.0,0.0,0.0, 15:40:44.891
0.015471, 0.021720, 0.037500, 0.029326, 0.026012, 0.017867, 0.024725, 0.030926, 0.000, 0.000, 0.000,0.0,0.0,0.0,0.0,0.0, 15:40:44.891
0.015454, 0.021700, 0.037500, 0.029375, 0.026012, 0.017940, 0.024765, 0.030909, 0.000, 0.000, 0.000,0.0,0.0,0.0,0.0,0.0, 15:40:44.892
0.015433, 0.021677, 0.037500, 0.029513, 0.026001, 0.018021, 0.024815, 0.030888, 0.000, 0.000, 0.000,0.0,0.0,0.0,0.0,0.0, 15:40:44.892
0.015444, 0.021692, 0.037500, 0.029490, 0.025999, 0.017964, 0.024784, 0.030901, 0.000, 0.000, 0.000,0.0,0.0,0.0,0.0,0.0, 15:40:44.892
0.015469, 0.021719, 0.037500, 0.029341, 0.026012, 0.017870, 0.024727, 0.030927, 0.000, 0.000, 0.000,0.0,0.0,0.0,0.0,0.0, 15:40:44.893
0.015458, 0.021704, 0.037500, 0.029351, 0.026016, 0.017922, 0.024756, 0.030916, 0.000, 0.000, 0.000,0.0,0.0,0.0,0.0,0.0, 15:40:44.893
0.015432, 0.021676, 0.037500, 0.029499, 0.026003, 0.018018, 0.024813, 0.030889, 0.114, 0.174, 0.976,0.0,0.0,0.0,0.0,0.0, 15:40:44.894
0.015440, 0.021684, 0.037500, 0.029514, 0.025997, 0.017983, 0.024796, 0.030895, 0.000, 0.000, 0.000,0.0,0.0,0.0,0.0,0.0, 15:40:44.894
0.015467, 0.021713, 0.037500, 0.029371, 0.026009, 0.017878, 0.024734, 0.030923, 0.000, 0.000, 0.000,0.0,0.0,0.0,0.0,0.0, 15:40:44.896
0.015463, 0.021707, 0.037500, 0.029341, 0.026016, 0.017902, 0.024745, 0.030920, 0.000, 0.000, 0.000,0.0,0.0,0.0,0.0,0.0, 15:40:44.897
0.015438, 0.021678, 0.037500, 0.029481, 0.026006, 0.018006, 0.024807, 0.030894, 0.000, 0.000, 0.000,0.0,0.0,0.0,0.0,0.0, 15:40:44.897
0.015438, 0.021679, 0.037500, 0.029533, 0.025999, 0.017999, 0.024807, 0.030893, 0.000, 0.000, 0.000,0.0,0.0,0.0,0.0,0.0, 15:40:44.898
0.015466, 0.021709, 0.037500, 0.029400, 0.026007, 0.017892, 0.024743, 0.030921, 0.000, 0.000, 0.000,0.0,0.0,0.0,0.0,0.0, 15:40:44.898
0.015469, 0.021711, 0.037500, 0.029333, 0.026016, 0.017889, 0.024738, 0.030925, 0.000, 0.000, 0.000,0.0,0.0,0.0,0.0,0.0, 15:40:44.899
0.015442, 0.021683, 0.037500, 0.029456, 0.026008, 0.017993, 0.024798, 0.030899, 0.000, 0.000, 0.000,0.0,0.0,0.0,0.0,0.0, 15:40:44.900
0.015435, 0.021676, 0.037500, 0.029539, 0.025998, 0.018011, 0.024812, 0.030891, 0.000, 0.000, 0.000,0.0,0.0,0.0,0.0,0.0, 15:40:44.900
0.015460, 0.021703, 0.037500, 0.029431, 0.026004, 0.017910, 0.024754, 0.030916, 0.122, 0.166, 0.976,0.0,0.0,0.0,0.0,0.0, 15:40:44.901
0.015470, 0.021714, 0.037500, 0.029327, 0.026016, 0.017876, 0.024729, 0.030928, 0.000, 0.000, 0.000,0.0,0.0,0.0,0.0,0.0, 15:40:44.901
0.015445, 0.021685, 0.037500, 0.029427, 0.026010, 0.017975, 0.024787, 0.030903, 0.000, 0.000, 0.000,0.0,0.0,0.0,0.0,0.0, 15:40:44.902
0.015431, 0.021669, 0.037500, 0.029545, 0.025997, 0.018021, 0.024818, 0.030888, 0.000, 0.000, 0.000,0.0,0.0,0.0,0.0,0.0, 15:40:44.902
0.015456, 0.021695, 0.037500, 0.029461, 0.026000, 0.017931, 0.024765, 0.030911, 0.000, 0.000, 0.000,0.0,0.0,0.0,0.0,0.0, 15:40:44.903
0.015470, 0.021711, 0.037500, 0.029342, 0.026013, 0.017872, 0.024729, 0.030927, 0.000, 0.000, 0.000,0.0,0.0,0.0,0.0,0.0, 15:40:44.903
0.015451, 0.021687, 0.037500, 0.029413, 0.026011, 0.017957, 0.024777, 0.030908, 0.000, 0.000, 0.000,0.0,0.0,0.0,0.0,0.0, 15:40:44.903
0.015431, 0.021666, 0.037500, 0.029549, 0.025996, 0.018027, 0.024819, 0.030886, 0.000, 0.000, 0.000,0.0,0.0,0.0,0.0,0.0, 15:40:44.904
0.015446, 0.021685, 0.037500, 0.029503, 0.025996, 0.017953, 0.024777, 0.030902, 0.000, 0.000, 0.000,0.0,0.0,0.0,0.0,0.0, 15:40:44.904
0.015469, 0.021710, 0.037500, 0.029358, 0.026010, 0.017869, 0.024726, 0.030928, 0.126, 0.170, 0.970,0.0,0.0,0.0,0.0,0.0, 15:40:44.904
0.015455, 0.021693, 0.037500, 0.029392, 0.026011, 0.017937, 0.024763, 0.030913, 0.000, 0.000, 0.000,0.0,0.0,0.0,0.0,0.0, 15:40:44.904
0.015433, 0.021667, 0.037500, 0.029536, 0.025999, 0.018023, 0.024816, 0.030890, 0.000, 0.000, 0.000,0.0,0.0,0.0,0.0,0.0, 15:40:44.904
0.015445, 0.021681, 0.037500, 0.029524, 0.025997, 0.017972, 0.024789, 0.030900, 0.000, 0.000, 0.000,0.0,0.0,0.0,0.0,0.0, 15:40:44.905
0.015469, 0.021707, 0.037500, 0.029382, 0.026008, 0.017875, 0.024731, 0.030923, 0.000, 0.000, 0.000,0.0,0.0,0.0,0.0,0.0, 15:40:44.905
0.015460, 0.021696, 0.037500, 0.029382, 0.026012, 0.017918, 0.024753, 0.030915, 0.000, 0.000, 0.000,0.0,0.0,0.0,0.0,0.0, 15:40:44.905
0.015433, 0.021667, 0.037500, 0.029526, 0.026000, 0.018015, 0.024812, 0.030889, 0.000, 0.000, 0.000,0.0,0.0,0.0,0.0,0.0, 15:40:44.905
0.015438, 0.021673, 0.037500, 0.029553, 0.025995, 0.017990, 0.024800, 0.030893, 0.000, 0.000, 0.000,0.0,0.0,0.0,0.0,0.0, 15:40:44.906
0.015467, 0.021704, 0.037500, 0.029408, 0.026005, 0.017883, 0.024735, 0.030921, 0.000, 0.000, 0.000,0.0,0.0,0.0,0.0,0.0, 15:40:44.906
0.015466, 0.021701, 0.037500, 0.029366, 0.026013, 0.017900, 0.024742, 0.030921, 0.000, 0.000, 0.000,0.0,0.0,0.0,0.0,0.0, 15:40:44.906
0.015439, 0.021671, 0.037500, 0.029504, 0.026004, 0.018006, 0.024804, 0.030894, 0.124, 0.166, 0.974,0.0,0.0,0.0,0.0,0.0, 15:40:44.908
0.015437, 0.021670, 0.037500, 0.029566, 0.025995, 0.018006, 0.024808, 0.030892, 0.000, 0.000, 0.000,0.0,0.0,0.0,0.0,0.0, 15:40:44.909
0.015463, 0.021699, 0.037500, 0.029439, 0.026003, 0.017899, 0.024746, 0.030917, 0.000, 0.000, 0.000,0.0,0.0,0.0,0.0,0.0, 15:40:44.909
0.015468, 0.021704, 0.037500, 0.029359, 0.026013, 0.017885, 0.024734, 0.030924, 0.000, 0.000, 0.000,0.0,0.0,0.0,0.0,0.0, 15:40:44.910
0.015442, 0.021674, 0.037500, 0.029478, 0.026007, 0.017988, 0.024795, 0.030897, 0.000, 0.000, 0.000,0.0,0.0,0.0,0.0,0.0, 15:40:45.335
0.015436, 0.021666, 0.037500, 0.029574, 0.025996, 0.018016, 0.024814, 0.030887, 0.000, 0.000, 0.000,0.0,0.0,0.0,0.0,0.0, 15:40:45.335
0.015461, 0.021693, 0.037500, 0.029474, 0.026002, 0.017918, 0.024758, 0.030911, 0.000, 0.000, 0.000,0.0,0.0,0.0,0.0,0.0, 15:40:45.335
0.015472, 0.021706, 0.037500, 0.029370, 0.026014, 0.017877, 0.024732, 0.030925, 0.000, 0.000, 0.000,0.0,0.0,0.0,0.0,0.0, 15:40:45.335
0.015451, 0.021682, 0.037500, 0.029455, 0.026010, 0.017969, 0.024784, 0.030904, 0.000, 0.000, 0.000,0.0,0.0,0.0,0.0,0.0, 15:40:45.336
0.015436, 0.021665, 0.037500, 0.029574, 0.025998, 0.018022, 0.024819, 0.030887, 0.000, 0.000, 0.000,0.0,0.0,0.0,0.0,0.0, 15:40:45.336
0.015457, 0.021689, 0.037500, 0.029497, 0.026001, 0.017936, 0.024770, 0.030909, 0.126, 0.172, 0.974,0.0,0.0,0.0,0.0,0.0, 15:40:45.336
0.015473, 0.021708, 0.037500, 0.029366, 0.026014, 0.017870, 0.024729, 0.030928, 0.000, 0.000, 0.000,0.0,0.0,0.0,0.0,0.0, 15:40:45.336
0.015454, 0.021685, 0.037500, 0.029429, 0.026011, 0.017951, 0.024774, 0.030908, 0.000, 0.000, 0.000,0.0,0.0,0.0,0.0,0.0, 15:40:45.337
0.015433, 0.021662, 0.037500, 0.029568, 0.025998, 0.018026, 0.024820, 0.030886, 0.000, 0.000, 0.000,0.0,0.0,0.0,0.0,0.0, 15:40:45.337
0.015449, 0.021681, 0.037500, 0.029534, 0.025997, 0.017959, 0.024782, 0.030901, 0.000, 0.000, 0.000,0.0,0.0,0.0,0.0,0.0, 15:40:45.338
0.015471, 0.021706, 0.037500, 0.029386, 0.026010, 0.017870, 0.024728, 0.030926, 0.000, 0.000, 0.000,0.0,0.0,0.0,0.0,0.0, 15:40:45.338
0.015457, 0.021690, 0.037500, 0.029411, 0.026012, 0.017931, 0.024760, 0.030911, 0.000, 0.000, 0.000,0.0,0.0,0.0,0.0,0.0, 15:40:45.338
0.015436, 0.021665, 0.037500, 0.029553, 0.026000, 0.018020, 0.024815, 0.030888, 0.000, 0.000, 0.000,0.0,0.0,0.0,0.0,0.0, 15:40:45.338
0.015443, 0.021674, 0.037500, 0.029555, 0.025996, 0.017978, 0.024794, 0.030897, 0.000, 0.000, 0.000,0.0,0.0,0.0,0.0,0.0, 15:40:45.338
0.015468, 0.021702, 0.037500, 0.029408, 0.026007, 0.017876, 0.024733, 0.030923, 0.128, 0.176, 0.978,0.0,0.0,0.0,0.0,0.0, 15:40:45.339
0.015462, 0.021693, 0.037500, 0.029394, 0.026012, 0.017912, 0.024750, 0.030915, 0.000, 0.000, 0.000,0.0,0.0,0.0,0.0,0.0, 15:40:45.339
0.015435, 0.021663, 0.037500, 0.029542, 0.026000, 0.018014, 0.024812, 0.030887, 0.000, 0.000, 0.000,0.0,0.0,0.0,0.0,0.0, 15:40:45.339
0.015436, 0.021668, 0.037500, 0.029581, 0.025993, 0.017995, 0.024804, 0.030889, 0.000, 0.000, 0.000,0.0,0.0,0.0,0.0,0.0, 15:40:45.340
0.015465, 0.021699, 0.037500, 0.029438, 0.026005, 0.017886, 0.024740, 0.030919, 0.000, 0.000, 0.000,0.0,0.0,0.0,0.0,0.0, 15:40:45.340
0.015466, 0.021696, 0.037500, 0.029388, 0.026013, 0.017896, 0.024743, 0.030919, 0.000, 0.000, 0.000,0.0,0.0,0.0,0.0,0.0, 15:40:45.341
0.015440, 0.021668, 0.037500, 0.029520, 0.026004, 0.017999, 0.024804, 0.030893, 0.000, 0.000, 0.000,0.0,0.0,0.0,0.0,0.0, 15:40:45.341
0.015436, 0.021666, 0.037500, 0.029589, 0.025995, 0.018007, 0.024811, 0.030889, 0.000, 0.000, 0.000,0.0,0.0,0.0,0.0,0.0, 15:40:45.341
0.015463, 0.021696, 0.037500, 0.029464, 0.026003, 0.017901, 0.024749, 0.030916, 0.000, 0.000, 0.000,0.0,0.0,0.0,0.0,0.0, 15:40:45.342
0.015471, 0.021703, 0.037500, 0.029375, 0.026014, 0.017881, 0.024734, 0.030924, 0.000, 0.000, 0.000,0.0,0.0,0.0,0.0,0.0, 15:40:45.342
0.015444, 0.021673, 0.037500, 0.029492, 0.026006, 0.017983, 0.024793, 0.030897, 0.122, 0.178, 0.976,0.0,0.0,0.0,0.0,0.0, 15:40:45.342
0.015434, 0.021665, 0.037500, 0.029590, 0.025996, 0.018016, 0.024816, 0.030888, 0.000, 0.000, 0.000,0.0,0.0,0.0,0.0,0.0, 15:40:45.342
0.015457, 0.021691, 0.037500, 0.029493, 0.026001, 0.017921, 0.024762, 0.030911, 0.000, 0.000, 0.000,0.0,0.0,0.0,0.0,0.0, 15:40:45.343
0.015470, 0.021704, 0.037500, 0.029379, 0.026013, 0.017872, 0.024730, 0.030925, 0.000, 0.000, 0.000,0.0,0.0,0.0,0.0,0.0, 15:40:45.344
0.015449, 0.021679, 0.037500, 0.029461, 0.026008, 0.017962, 0.024781, 0.030904, 0.000, 0.000, 0.000,0.0,0.0,0.0,0.0,0.0, 15:40:45.344
0.015432, 0.021662, 0.037500, 0.029587, 0.025995, 0.018022, 0.024819, 0.030885, 0.000, 0.000, 0.000,0.0,0.0,0.0,0.0,0.0, 15:40:45.344
0.015451, 0.021684, 0.037500, 0.029527, 0.025998, 0.017943, 0.024775, 0.030904, 0.000, 0.000, 0.000,0.0,0.0,0.0,0.0,0.0, 15:40:45.344
0.015473, 0.021708, 0.037500, 0.029390, 0.026011, 0.017868, 0.024728, 0.030926, 0.000, 0.000, 0.000,0.0,0.0,0.0,0.0,0.0, 15:40:45.345
0.015458, 0.021690, 0.037500, 0.029437, 0.026011, 0.017942, 0.024770, 0.030909, 0.000, 0.000, 0.000,0.0,0.0,0.0,0.0,0.0, 15:40:45.345
0.015436, 0.021666, 0.037500, 0.029578, 0.026000, 0.018023, 0.024820, 0.030887, 0.120, 0.174, 0.974,0.0,0.0,0.0,0.0,0.0, 15:40:45.345
